Using optimizer: SGD (
Parameter Group 0
    dampening: 0
    initial_lr: 0.0001
    lr: 9.874639560909117e-05
    momentum: 0.9
    nesterov: False
    weight_decay: 0.01
)

Epoch: 0, train_mini Loss: 5.4772 Acc: 0.0000
Epoch: 0, val_mini Loss: 5.4073 Acc: 0.0000
Epoch: 1, train_mini Loss: 5.0528 Acc: 0.0200
Epoch: 1, val_mini Loss: 6.2416 Acc: 0.0000
Epoch: 2, train_mini Loss: 4.7928 Acc: 0.0200
Epoch: 2, val_mini Loss: 6.9333 Acc: 0.0000
Epoch: 3, train_mini Loss: 4.7165 Acc: 0.0100
Epoch: 3, val_mini Loss: 6.0945 Acc: 0.0200
Epoch: 4, train_mini Loss: 4.6531 Acc: 0.0100
Epoch: 4, val_mini Loss: 6.9986 Acc: 0.0000
Training complete in 0m 13s
Best val Acc: 0.020000
